LexicalReordering0= 0.0267655
LexicalReordering0= 0.058423
LexicalReordering0= 0.0616279
LexicalReordering0= 0.0567353
LexicalReordering0= 0.0347996
LexicalReordering0= 0.0337135
Distortion0= 0.155192
LM0= 0.0410995
WordPenalty0= -0.0738337
PhrasePenalty0= 0.0336892
TranslationModel0= -0.0293316
TranslationModel0= 0.0605673
TranslationModel0= 0.330234
TranslationModel0= 0.00398854
