LexicalReordering0= 0.251242
LexicalReordering0= 0.0418891
LexicalReordering0= 0.0307383
LexicalReordering0= 0.00543458
LexicalReordering0= 0.0549828
LexicalReordering0= 0.0133127
Distortion0= 0.0954317
LM0= 0.0391623
WordPenalty0= -0.0240962
PhrasePenalty0= 0.0179588
TranslationModel0= -0.0172735
TranslationModel0= 0.0517904
TranslationModel0= 0.338874
TranslationModel0= -0.0178132
