LexicalReordering0= 0.249375
LexicalReordering0= 0.0415777
LexicalReordering0= 0.0305098
LexicalReordering0= 0.00539419
LexicalReordering0= 0.0545741
LexicalReordering0= 0.0132137
Distortion0= 0.0947224
LM0= 0.0388712
WordPenalty0= -0.0296365
PhrasePenalty0= 0.0178253
TranslationModel0= -0.018859
TranslationModel0= 0.0514054
TranslationModel0= 0.336355
TranslationModel0= -0.0176808
