LexicalReordering0= 0.325424
LexicalReordering0= 0.0479657
LexicalReordering0= 0.0479657
LexicalReordering0= -0.012544
LexicalReordering0= 0.0479657
LexicalReordering0= 0.0479657
Distortion0= 0.0479657
LM0= 0.0799427
WordPenalty0= -0.144751
PhrasePenalty0= 0.0300347
TranslationModel0= 0.0319771
TranslationModel0= 0.043286
TranslationModel0= 0.0778852
TranslationModel0= 0.0143272
