LexicalReordering0= 0.323677
LexicalReordering0= 0.0476648
LexicalReordering0= 0.0476648
LexicalReordering0= -0.018197
LexicalReordering0= 0.0476648
LexicalReordering0= 0.0476648
Distortion0= 0.0476648
LM0= 0.0794413
WordPenalty0= -0.143843
PhrasePenalty0= 0.0298464
TranslationModel0= 0.0317765
TranslationModel0= 0.0430145
TranslationModel0= 0.0773967
TranslationModel0= 0.0144835
