LexicalReordering0= 0.318265
LexicalReordering0= 0.0469104
LexicalReordering0= 0.0469104
LexicalReordering0= -0.012268
LexicalReordering0= 0.0469104
LexicalReordering0= 0.0469104
Distortion0= 0.0469104
LM0= 0.0781839
WordPenalty0= -0.156368
PhrasePenalty0= 0.0303715
TranslationModel0= 0.0312736
TranslationModel0= 0.0312736
TranslationModel0= 0.0761717
TranslationModel0= 0.0312736
