LexicalReordering0= 0.257451
LexicalReordering0= 0.0107695
LexicalReordering0= 0.0560919
LexicalReordering0= -0.0385298
LexicalReordering0= -0.0572065
LexicalReordering0= 0.00835581
Distortion0= 0.17386
LM0= 0.0775033
WordPenalty0= 0.0287133
PhrasePenalty0= -0.00421394
TranslationModel0= 0.0612222
TranslationModel0= 0.17837
TranslationModel0= 0.0314555
TranslationModel0= -0.0162573
