LexicalReordering0= 0.24659
LexicalReordering0= 0.10043
LexicalReordering0= 0.157801
LexicalReordering0= 0.0682902
LexicalReordering0= 0.0359659
LexicalReordering0= 0.0208497
Distortion0= 0.0952048
LM0= 0.0477114
WordPenalty0= 0.00474306
PhrasePenalty0= -0.0460815
TranslationModel0= 0.0273376
TranslationModel0= 0.111867
TranslationModel0= 0.0159781
TranslationModel0= 0.0211495
