LexicalReordering0= 0.119459
LexicalReordering0= 0.0236412
LexicalReordering0= 0.0515319
LexicalReordering0= 0.309176
LexicalReordering0= 0.0097837
LexicalReordering0= 0.0486448
Distortion0= 0.115286
LM0= 0.0585794
WordPenalty0= -0.0216188
PhrasePenalty0= -0.0484499
TranslationModel0= 0.0983237
TranslationModel0= 0.0701223
TranslationModel0= 0.0147804
TranslationModel0= -0.0106022
