LexicalReordering0= 0.334584
LexicalReordering0= 0.0335043
LexicalReordering0= 0.00545608
LexicalReordering0= 0.0753563
LexicalReordering0= 0.0577719
LexicalReordering0= 0.0833405
Distortion0= 0.0985877
LM0= 0.0512606
WordPenalty0= -0.038119
PhrasePenalty0= -0.020259
TranslationModel0= 0.0317483
TranslationModel0= 0.134915
TranslationModel0= 0.0292685
TranslationModel0= -0.00582888
