LexicalReordering0= 0.261144
LexicalReordering0= 0.010924
LexicalReordering0= 0.0568966
LexicalReordering0= 0.0250554
LexicalReordering0= -0.0580272
LexicalReordering0= 0.00847568
Distortion0= 0.176354
LM0= 0.0786151
WordPenalty0= 0.0288064
PhrasePenalty0= -0.00427439
TranslationModel0= 0.0621005
TranslationModel0= 0.180929
TranslationModel0= 0.0319067
TranslationModel0= -0.0164905
