LexicalReordering0= 0.386782
LexicalReordering0= 0.0142457
LexicalReordering0= 0.0494958
LexicalReordering0= 0.0168658
LexicalReordering0= 0.0608655
LexicalReordering0= 0.0192932
Distortion0= 0.118524
LM0= 0.0632776
WordPenalty0= -0.0117801
PhrasePenalty0= 0.0353782
TranslationModel0= 0.071587
TranslationModel0= 0.112996
TranslationModel0= 0.0226968
TranslationModel0= -0.0162115
