LexicalReordering0= 0.340398
LexicalReordering0= 0.058392
LexicalReordering0= 0.0324707
LexicalReordering0= 0.050639
LexicalReordering0= 0.0019282
LexicalReordering0= 0.0579833
Distortion0= 0.117008
LM0= 0.0766617
WordPenalty0= 0.00639614
PhrasePenalty0= 0.0147403
TranslationModel0= 0.0812947
TranslationModel0= 0.153388
TranslationModel0= 0.00114352
TranslationModel0= -0.00755603
