LexicalReordering0= 0.334571
LexicalReordering0= 0.0573924
LexicalReordering0= 0.0319148
LexicalReordering0= 0.0497721
LexicalReordering0= 0.00189519
LexicalReordering0= 0.0569907
Distortion0= 0.115005
LM0= 0.0753493
WordPenalty0= 0.00628664
PhrasePenalty0= 0.0316074
TranslationModel0= 0.079903
TranslationModel0= 0.150762
TranslationModel0= 0.00112394
TranslationModel0= -0.00742668
