LexicalReordering0= 0.0596765
LexicalReordering0= 0.0781387
LexicalReordering0= 0.106718
LexicalReordering0= 0.299584
LexicalReordering0= 0.0276772
LexicalReordering0= 0.0425194
Distortion0= 0.0764962
LM0= 0.0543516
WordPenalty0= 0.0327406
PhrasePenalty0= 0.0246892
TranslationModel0= 0.057042
TranslationModel0= 0.100527
TranslationModel0= 0.0226213
TranslationModel0= -0.0172183
