LexicalReordering0= 0.124091
LexicalReordering0= 0.0243171
LexicalReordering0= 0.0233592
LexicalReordering0= 0.337647
LexicalReordering0= 0.0144699
LexicalReordering0= 0.00947236
Distortion0= 0.127791
LM0= 0.0509465
WordPenalty0= 0.0559311
PhrasePenalty0= 0.0110638
TranslationModel0= 0.0412051
TranslationModel0= 0.132561
TranslationModel0= 0.0254392
TranslationModel0= -0.0217056
