LexicalReordering0= 0.325543
LexicalReordering0= 0.0479396
LexicalReordering0= 0.0479396
LexicalReordering0= -0.0125372
LexicalReordering0= 0.0479396
LexicalReordering0= 0.0479396
Distortion0= 0.0479396
LM0= 0.0798992
WordPenalty0= -0.144672
PhrasePenalty0= 0.0300184
TranslationModel0= 0.0319597
TranslationModel0= 0.0432625
TranslationModel0= 0.0778429
TranslationModel0= 0.014567
