LexicalReordering0= 0.150413
LexicalReordering0= 0.0664447
LexicalReordering0= 0.0860131
LexicalReordering0= 0.244082
LexicalReordering0= 0.0273883
LexicalReordering0= 0.0440454
Distortion0= 0.119246
LM0= 0.0386262
WordPenalty0= -0.00589697
PhrasePenalty0= 0.0146436
TranslationModel0= 0.00342079
TranslationModel0= 0.0480898
TranslationModel0= 0.116602
TranslationModel0= -0.035088
