LexicalReordering0= 0.029642
LexicalReordering0= 0.0647018
LexicalReordering0= 0.0682511
LexicalReordering0= 0.0628327
LexicalReordering0= 0.0385395
LexicalReordering0= 0.0373367
Distortion0= 0.0575364
LM0= 0.0455165
WordPenalty0= -0.0886315
PhrasePenalty0= 0.0373098
TranslationModel0= -0.0324839
TranslationModel0= 0.0670765
TranslationModel0= 0.365724
TranslationModel0= 0.00441719
